34875.000000d0,  5.506273d5,  442.487471d0,  6.515134d0,  442.487471d0,  0.000000d0,  0.000000d0,  0.000000d0,  0.000000d0
35000.000000d0,  5.506273d5,  442.487471d0,  6.515134d0,  442.487471d0,  0.000000d0,  0.000000d0,  0.000000d0,  0.000000d0
35125.000000d0,  5.432709d5,  441.366414d0,  6.444419d0,  442.626647d0,  0.000000d0,  0.000000d0,  0.000000d0,  0.000000d0
35250.000000d0,  5.359145d5,  440.245357d0,  6.373344d0,  442.780223d0,  0.000000d0,  0.000000d0,  0.000000d0,  0.000000d0
35375.000000d0,  5.290366d5,  439.118127d0,  6.307700d0,  442.857490d0,  0.000000d0,  0.000000d0,  0.000000d0,  0.000000d0
35500.000000d0,  5.222628d5,  437.989554d0,  6.242981d0,  442.927646d0,  0.000000d0,  0.000000d0,  0.000000d0,  0.000000d0
35625.000000d0,  5.154891d5,  436.860981d0,  6.177928d0,  443.010672d0,  0.000000d0,  0.000000d0,  0.000000d0,  0.000000d0
35750.000000d0,  5.087153d5,  435.732409d0,  6.112538d0,  443.106977d0,  0.000000d0,  0.000000d0,  0.000000d0,  0.000000d0
35875.000000d0,  5.019415d5,  434.603836d0,  6.046808d0,  443.216990d0,  0.000000d0,  0.000000d0,  0.000000d0,  0.000000d0
36000.000000d0,  4.951677d5,  433.475263d0,  5.980736d0,  443.341157d0,  0.000000d0,  0.000000d0,  0.000000d0,  0.000000d0
36125.000000d0,  4.883939d5,  432.346690d0,  5.914319d0,  443.479948d0,  0.000000d0,  0.000000d0,  0.000000d0,  0.000000d0
36250.000000d0,  4.816667d5,  431.217521d0,  5.848127d0,  443.624153d0,  0.000000d0,  0.000000d0,  0.000000d0,  0.000000d0
36375.000000d0,  4.754364d5,  430.081986d0,  5.787724d0,  443.678760d0,  0.000000d0,  0.000000d0,  0.000000d0,  0.000000d0
36500.000000d0,  4.692062d5,  428.946452d0,  5.727001d0,  443.746435d0,  0.000000d0,  0.000000d0,  0.000000d0,  0.000000d0
36625.000000d0,  4.629760d5,  427.810917d0,  5.665956d0,  443.827600d0,  0.000000d0,  0.000000d0,  0.000000d0,  0.000000d0
36750.000000d0,  4.567457d5,  426.675382d0,  5.604586d0,  443.922694d0,  0.000000d0,  0.000000d0,  0.000000d0,  0.000000d0
36875.000000d0,  4.505155d5,  425.539847d0,  5.542888d0,  444.032180d0,  0.000000d0,  0.000000d0,  0.000000d0,  0.000000d0
37000.000000d0,  4.442853d5,  424.404312d0,  5.480860d0,  444.156538d0,  0.000000d0,  0.000000d0,  0.000000d0,  0.000000d0
37125.000000d0,  4.380550d5,  423.268778d0,  5.418500d0,  444.296272d0,  0.000000d0,  0.000000d0,  0.000000d0,  0.000000d0
37250.000000d0,  4.320183d5,  422.130495d0,  5.358239d0,  444.406809d0,  0.000000d0,  0.000000d0,  0.000000d0,  0.000000d0
37375.000000d0,  4.262957d5,  420.987753d0,  5.301614d0,  444.458387d0,  0.000000d0,  0.000000d0,  0.000000d0,  0.000000d0
37500.000000d0,  4.205730d5,  419.845011d0,  5.244680d0,  444.523678d0,  0.000000d0,  0.000000d0,  0.000000d0,  0.000000d0
37625.000000d0,  4.148504d5,  418.702269d0,  5.187436d0,  444.603136d0,  0.000000d0,  0.000000d0,  0.000000d0,  0.000000d0
37750.000000d0,  4.091277d5,  417.559527d0,  5.129879d0,  444.697236d0,  0.000000d0,  0.000000d0,  0.000000d0,  0.000000d0
37875.000000d0,  4.034051d5,  416.416785d0,  5.072006d0,  444.806474d0,  0.000000d0,  0.000000d0,  0.000000d0,  0.000000d0
38000.000000d0,  3.976824d5,  415.274043d0,  5.013814d0,  444.931371d0,  0.000000d0,  0.000000d0,  0.000000d0,  0.000000d0
38125.000000d0,  3.919598d5,  414.131301d0,  4.955301d0,  445.072471d0,  0.000000d0,  0.000000d0,  0.000000d0,  0.000000d0
38250.000000d0,  3.865733d5,  412.991936d0,  4.900686d0,  445.151884d0,  0.000000d0,  0.000000d0,  0.000000d0,  0.000000d0
38375.000000d0,  3.813241d5,  411.853950d0,  4.847498d0,  445.213745d0,  0.000000d0,  0.000000d0,  0.000000d0,  0.000000d0
38500.000000d0,  3.760749d5,  410.715964d0,  4.794016d0,  445.290103d0,  0.000000d0,  0.000000d0,  0.000000d0,  0.000000d0
38625.000000d0,  3.708258d5,  409.577978d0,  4.740236d0,  445.381450d0,  0.000000d0,  0.000000d0,  0.000000d0,  0.000000d0
38750.000000d0,  3.655766d5,  408.439993d0,  4.686156d0,  445.488301d0,  0.000000d0,  0.000000d0,  0.000000d0,  0.000000d0
38875.000000d0,  3.603275d5,  407.302007d0,  4.631775d0,  445.611196d0,  0.000000d0,  0.000000d0,  0.000000d0,  0.000000d0
39000.000000d0,  3.550783d5,  406.164021d0,  4.577088d0,  445.750701d0,  0.000000d0,  0.000000d0,  0.000000d0,  0.000000d0
39125.000000d0,  3.498520d5,  405.027744d0,  4.522372d0,  445.903100d0,  0.000000d0,  0.000000d0,  0.000000d0,  0.000000d0
39250.000000d0,  3.450468d5,  403.922868d0,  4.472457d0,  445.992380d0,  0.000000d0,  0.000000d0,  0.000000d0,  0.000000d0
39375.000000d0,  3.402415d5,  402.817991d0,  4.422269d0,  446.096682d0,  0.000000d0,  0.000000d0,  0.000000d0,  0.000000d0
39500.000000d0,  3.354363d5,  401.713115d0,  4.371804d0,  446.216521d0,  0.000000d0,  0.000000d0,  0.000000d0,  0.000000d0
39625.000000d0,  3.306311d5,  400.608238d0,  4.321061d0,  446.352434d0,  0.000000d0,  0.000000d0,  0.000000d0,  0.000000d0
39750.000000d0,  3.258258d5,  399.503362d0,  4.270037d0,  446.504988d0,  0.000000d0,  0.000000d0,  0.000000d0,  0.000000d0
39875.000000d0,  3.210206d5,  398.398486d0,  4.218731d0,  446.674773d0,  0.000000d0,  0.000000d0,  0.000000d0,  0.000000d0
40000.000000d0,  3.162153d5,  397.293609d0,  4.167139d0,  446.862414d0,  0.000000d0,  0.000000d0,  8.127568d-3,  -1.838644d-2
40125.000000d0,  3.115911d5,  396.210812d0,  4.117422d0,  447.038391d0,  0.000000d0,  0.000000d0,  6.375980d-3,  -1.565067d-2
40250.000000d0,  3.072022d5,  395.156701d0,  4.070255d0,  447.191822d0,  0.000000d0,  0.000000d0,  4.578707d-3,  -1.286352d-2
40375.000000d0,  3.028133d5,  394.102591d0,  4.022835d0,  447.361481d0,  0.000000d0,  0.000000d0,  2.739462d-3,  -1.001166d-2
40500.000000d0,  2.984243d5,  393.048480d0,  3.975161d0,  447.547935d0,  0.000000d0,  0.000000d0,  8.563945d-4,  -7.068086d-3
40625.000000d0,  2.940354d5,  391.994369d0,  3.927231d0,  447.751778d0,  0.000000d0,  0.000000d0,  8.686879d-4,  -6.324152d-3
40750.000000d0,  2.896465d5,  390.940259d0,  3.879042d0,  447.973635d0,  0.000000d0,  0.000000d0,  8.813438d-4,  -5.562205d-3
40875.000000d0,  2.852575d5,  389.886148d0,  3.830592d0,  448.214162d0,  0.000000d0,  0.000000d0,  8.943789d-4,  -4.781415d-3
41000.000000d0,  2.808686d5,  388.832037d0,  3.781880d0,  448.474047d0,  0.000000d0,  0.000000d0,  9.078110d-4,  -3.980896d-3
41125.000000d0,  2.768115d5,  387.819391d0,  3.736984d0,  448.687896d0,  0.000000d0,  0.000000d0,  9.206526d-4,  -3.156261d-3
41250.000000d0,  2.728140d5,  386.814195d0,  3.692588d0,  448.907075d0,  0.000000d0,  0.000000d0,  9.336799d-4,  -2.311256d-3
41375.000000d0,  2.688165d5,  385.809000d0,  3.647961d0,  449.143772d0,  0.000000d0,  0.000000d0,  9.470842d-4,  -1.419490d-3
41500.000000d0,  2.648190d5,  384.803804d0,  3.603101d0,  449.398613d0,  0.000000d0,  0.000000d0,  9.608828d-4,  -5.322828d-4
41625.000000d0,  2.608216d5,  383.798609d0,  3.558006d0,  449.672252d0,  0.000000d0,  0.000000d0,  9.753868d-4,  -5.929320d-4
41750.000000d0,  2.568241d5,  382.793413d0,  3.512675d0,  449.965380d0,  0.000000d0,  0.000000d0,  9.903299d-4,  -6.824817d-4
41875.000000d0,  2.528266d5,  381.788218d0,  3.467104d0,  450.278722d0,  0.000000d0,  0.000000d0,  1.005733d-3,  -7.467682d-4
42000.000000d0,  2.489266d5,  380.796192d0,  3.422514d0,  450.591229d0,  0.000000d0,  0.000000d0,  1.021254d-3,  -8.125342d-4
42125.000000d0,  2.452928d5,  379.840156d0,  3.381042d0,  450.863266d0,  0.000000d0,  0.000000d0,  1.036228d-3,  -8.792251d-4
42250.000000d0,  2.416591d5,  378.884120d0,  3.339360d0,  451.153599d0,  0.000000d0,  0.000000d0,  1.051640d-3,  -9.476317d-4
42375.000000d0,  2.380253d5,  377.928085d0,  3.297468d0,  451.462885d0,  0.000000d0,  0.000000d0,  1.067509d-3,  -1.017833d-3
42500.000000d0,  2.343915d5,  376.972049d0,  3.255363d0,  451.791816d0,  0.000000d0,  0.000000d0,  1.083858d-3,  -1.089912d-3
42625.000000d0,  2.307578d5,  376.016013d0,  3.213044d0,  452.141116d0,  0.000000d0,  0.000000d0,  1.099623d-3,  -1.104267d-3
42750.000000d0,  2.271240d5,  375.059977d0,  3.170509d0,  452.511551d0,  0.000000d0,  0.000000d0,  1.115884d-3,  -1.119081d-3
42875.000000d0,  2.234903d5,  374.103942d0,  3.127756d0,  452.903925d0,  0.000000d0,  0.000000d0,  1.132666d-3,  -1.134378d-3
43000.000000d0,  2.201129d5,  373.184563d0,  3.088079d0,  453.251622d0,  0.000000d0,  0.000000d0,  1.148768d-3,  -1.148953d-3
43125.000000d0,  2.168187d5,  372.277079d0,  3.049278d0,  453.597064d0,  0.000000d0,  0.000000d0,  1.164955d-3,  -1.163573d-3
43250.000000d0,  2.135245d5,  371.369595d0,  3.010288d0,  453.962288d0,  0.000000d0,  0.000000d0,  1.181633d-3,  -1.178644d-3
43375.000000d0,  2.102303d5,  370.462111d0,  2.971107d0,  454.348019d0,  0.000000d0,  0.000000d0,  1.198826d-3,  -1.194187d-3
43500.000000d0,  2.069362d5,  369.554627d0,  2.931733d0,  454.755022d0,  0.000000d0,  0.000000d0,  1.216558d-3,  -1.210225d-3
43625.000000d0,  2.036420d5,  368.647143d0,  2.892165d0,  455.184099d0,  0.000000d0,  0.000000d0,  1.235774d-3,  -1.226783d-3
43750.000000d0,  2.003478d5,  367.739659d0,  2.852402d0,  455.636097d0,  0.000000d0,  0.000000d0,  1.255609d-3,  -1.243884d-3
43875.000000d0,  1.971347d5,  366.841295d0,  2.813529d0,  456.083500d0,  0.000000d0,  0.000000d0,  1.275601d-3,  -1.261070d-3
44000.000000d0,  1.941559d5,  365.969311d0,  2.777618d0,  456.470349d0,  0.000000d0,  0.000000d0,  1.294771d-3,  -1.277374d-3
44125.000000d0,  1.911770d5,  365.097326d0,  2.741535d0,  456.877732d0,  0.000000d0,  0.000000d0,  1.314526d-3,  -1.294187d-3
44250.000000d0,  1.881982d5,  364.225341d0,  2.705279d0,  457.306409d0,  0.000000d0,  0.000000d0,  1.334893d-3,  -1.311531d-3
44375.000000d0,  1.852194d5,  363.353356d0,  2.668849d0,  457.757177d0,  0.000000d0,  0.000000d0,  1.355902d-3,  -1.365364d-3
44500.000000d0,  1.822406d5,  362.481371d0,  2.632244d0,  458.230878d0,  0.000000d0,  0.000000d0,  1.377583d-3,  -1.384352d-3
44625.000000d0,  1.792618d5,  361.609386d0,  2.595462d0,  458.728398d0,  0.000000d0,  0.000000d0,  1.399984d-3,  -1.403970d-3
44750.000000d0,  1.762830d5,  360.737402d0,  2.558503d0,  459.250674d0,  0.000000d0,  0.000000d0,  1.423128d-3,  -1.424251d-3
44875.000000d0,  1.735276d5,  359.842689d0,  2.524775d0,  459.644095d0,  0.000000d0,  0.000000d0,  1.445099d-3,  -1.443278d-3
45000.000000d0,  1.708387d5,  358.941215d0,  2.491895d0,  460.012982d0,  0.000000d0,  0.000000d0,  1.467165d-3,  -1.462322d-3
45125.000000d0,  1.681498d5,  358.039742d0,  2.458849d0,  460.403443d0,  0.000000d0,  0.000000d0,  1.489921d-3,  -1.481974d-3
45250.000000d0,  1.654609d5,  357.138268d0,  2.425637d0,  460.816295d0,  0.000000d0,  0.000000d0,  1.513402d-3,  -1.502266d-3
45375.000000d0,  1.627720d5,  356.236794d0,  2.392256d0,  461.252406d0,  0.000000d0,  0.000000d0,  1.537642d-3,  -1.523228d-3
45500.000000d0,  1.600831d5,  355.335320d0,  2.358706d0,  461.712685d0,  0.000000d0,  0.000000d0,  1.562681d-3,  -1.544894d-3
45625.000000d0,  1.573942d5,  354.433846d0,  2.324986d0,  462.198095d0,  0.000000d0,  0.000000d0,  1.587611d-3,  -1.567301d-3
45750.000000d0,  1.547923d5,  353.473698d0,  2.292761d0,  462.577778d0,  0.000000d0,  0.000000d0,  1.612223d-3,  -1.589329d-3
45875.000000d0,  1.523646d5,  352.395882d0,  2.263705d0,  462.715248d0,  0.000000d0,  0.000000d0,  1.635243d-3,  -1.652090d-3
46000.000000d0,  1.499369d5,  351.318066d0,  2.234471d0,  462.873342d0,  0.000000d0,  0.000000d0,  1.658995d-3,  -1.673705d-3
46125.000000d0,  1.475093d5,  350.240249d0,  2.205057d0,  463.052869d0,  0.000000d0,  0.000000d0,  1.683514d-3,  -1.696031d-3
46250.000000d0,  1.450816d5,  349.162433d0,  2.175462d0,  463.254680d0,  0.000000d0,  0.000000d0,  1.708839d-3,  -1.719104d-3
46375.000000d0,  1.426539d5,  348.084616d0,  2.145683d0,  463.479676d0,  0.000000d0,  0.000000d0,  1.735010d-3,  -1.742962d-3
46500.000000d0,  1.402263d5,  347.006800d0,  2.115719d0,  463.728808d0,  0.000000d0,  0.000000d0,  1.762072d-3,  -1.767647d-3
46625.000000d0,  1.377986d5,  345.928984d0,  2.085569d0,  464.003083d0,  0.000000d0,  0.000000d0,  2.018988d-3,  2.179429d-2
46750.000000d0,  1.355715d5,  344.728654d0,  2.059006d0,  463.992983d0,  0.000000d0,  0.000000d0,  2.279462d-3,  4.596724d-2
46875.000000d0,  1.333725d5,  343.511142d0,  2.032788d0,  463.959851d0,  0.000000d0,  0.000000d0,  2.546312d-3,  7.076004d-2
47000.000000d0,  1.311735d5,  342.293630d0,  2.006384d0,  463.947631d0,  0.000000d0,  0.000000d0,  2.820399d-3,  9.620967d-2
47125.000000d0,  1.289745d5,  341.076118d0,  1.979791d0,  463.957186d0,  0.000000d0,  0.000000d0,  3.102090d-3,  1.223013d-1
47250.000000d0,  1.267756d5,  339.858605d0,  1.953007d0,  463.989424d0,  0.000000d0,  0.000000d0,  3.391783d-3,  1.491670d-1
47375.000000d0,  1.245766d5,  338.641093d0,  1.926031d0,  464.045310d0,  0.000000d0,  0.000000d0,  3.689902d-3,  1.767976d-1
47500.000000d0,  1.223776d5,  337.423581d0,  1.898861d0,  464.125863d0,  0.000000d0,  0.000000d0,  3.996899d-3,  2.052341d-1
47625.000000d0,  1.202856d5,  336.201634d0,  1.873184d0,  464.138454d0,  0.000000d0,  0.000000d0,  6.357991d-3,  2.311864d-1
47750.000000d0,  1.182965d5,  334.975426d0,  1.848952d0,  464.083205d0,  0.000000d0,  0.000000d0,  8.777852d-3,  2.576588d-1
47875.000000d0,  1.163074d5,  333.749218d0,  1.824541d0,  464.049561d0,  0.000000d0,  0.000000d0,  1.126309d-2,  2.848621d-1
48000.000000d0,  1.143182d5,  332.523010d0,  1.799950d0,  464.038431d0,  0.000000d0,  0.000000d0,  1.381710d-2,  3.128344d-1
48125.000000d0,  1.123291d5,  331.296803d0,  1.775177d0,  464.050778d0,  0.000000d0,  0.000000d0,  1.644356d-2,  3.416167d-1
48250.000000d0,  1.103400d5,  330.070595d0,  1.750220d0,  464.087621d0,  0.000000d0,  0.000000d0,  1.914637d-2,  3.712527d-1
48375.000000d0,  1.083509d5,  328.844387d0,  1.725078d0,  464.150042d0,  0.000000d0,  0.000000d0,  2.192974d-2,  4.017894d-1
48500.000000d0,  1.063850d5,  327.616894d0,  1.700124d0,  464.215874d0,  0.000000d0,  0.000000d0,  2.479268d-2,  4.331811d-1
48625.000000d0,  1.045898d5,  326.379957d0,  1.677771d0,  464.134608d0,  0.000000d0,  0.000000d0,  2.878884d-2,  3.665368d-1
48750.000000d0,  1.027947d5,  325.143020d0,  1.655247d0,  464.075676d0,  0.000000d0,  0.000000d0,  3.289630d-2,  2.981813d-1
48875.000000d0,  1.009995d5,  323.906083d0,  1.632551d0,  464.040041d0,  0.000000d0,  0.000000d0,  3.712100d-2,  2.279638d-1
49000.000000d0,  9.920434d4,  322.669146d0,  1.609681d0,  464.028721d0,  0.000000d0,  0.000000d0,  4.146930d-2,  1.557833d-1
49125.000000d0,  9.740918d4,  321.432209d0,  1.586635d0,  464.042798d0,  0.000000d0,  0.000000d0,  4.594804d-2,  8.153119d-2
49250.000000d0,  9.561402d4,  320.195272d0,  1.563411d0,  464.083421d0,  0.000000d0,  0.000000d0,  5.056456d-2,  5.090891d-3
49375.000000d0,  9.381886d4,  318.958336d0,  1.540007d0,  464.151810d0,  0.000000d0,  0.000000d0,  5.532677d-2,  -7.366325d-2
49500.000000d0,  9.216747d4,  317.711878d0,  1.518836d0,  464.081745d0,  0.000000d0,  0.000000d0,  6.014743d-2,  -1.546836d-1
49625.000000d0,  9.055076d4,  316.463125d0,  1.498082d0,  463.995085d0,  0.000000d0,  0.000000d0,  7.060629d-2,  -1.769259d-1
49750.000000d0,  8.893405d4,  315.214371d0,  1.477164d0,  463.932573d0,  0.000000d0,  0.000000d0,  8.136808d-2,  -1.998154d-1
49875.000000d0,  8.731735d4,  313.965617d0,  1.456079d0,  463.895291d0,  0.000000d0,  0.000000d0,  9.244959d-2,  -2.233879d-1
50000.000000d0,  8.570064d4,  312.716864d0,  1.434826d0,  463.884390d0,  0.000000d0,  0.000000d0,  1.038689d-1,  -2.476823d-1
50125.000000d0,  8.408393d4,  311.468110d0,  1.413403d0,  463.901095d0,  0.000000d0,  0.000000d0,  1.156456d-1,  -2.727401d-1
50250.000000d0,  8.246722d4,  310.219356d0,  1.391807d0,  463.946707d0,  0.000000d0,  0.000000d0,  1.278006d-1,  -2.986062d-1
50375.000000d0,  8.093384d4,  308.964166d0,  1.371478d0,  463.911631d0,  0.000000d0,  0.000000d0,  1.402092d-1,  -3.249873d-1
50500.000000d0,  7.948153d4,  307.702715d0,  1.352389d0,  463.794425d0,  0.000000d0,  0.000000d0,  1.528508d-1,  -3.518391d-1
50625.000000d0,  7.802922d4,  306.441263d0,  1.333143d0,  463.702280d0,  0.000000d0,  0.000000d0,  1.555752d-1,  -3.470640d-1
50750.000000d0,  7.657691d4,  305.179811d0,  1.313738d0,  463.636349d0,  0.000000d0,  0.000000d0,  1.583985d-1,  -3.422634d-1
50875.000000d0,  7.512460d4,  303.918360d0,  1.294172d0,  463.597862d0,  0.000000d0,  0.000000d0,  1.613265d-1,  -3.372868d-1
51000.000000d0,  7.367229d4,  302.656908d0,  1.274442d0,  463.588124d0,  0.000000d0,  0.000000d0,  1.643655d-1,  -3.322751d-1
51125.000000d0,  7.221998d4,  301.395456d0,  1.254548d0,  463.608532d0,  0.000000d0,  0.000000d0,  1.675221d-1,  -3.270724d-1
51250.000000d0,  7.080130d4,  300.131021d0,  1.235085d0,  463.609269d0,  0.000000d0,  0.000000d0,  1.707208d-1,  -3.215896d-1
51375.000000d0,  6.950052d4,  298.856126d0,  1.217566d0,  463.458189d0,  0.000000d0,  0.000000d0,  1.737441d-1,  -3.155058d-1
51500.000000d0,  6.819973d4,  297.581231d0,  1.199896d0,  463.333138d0,  0.000000d0,  0.000000d0,  1.768778d-1,  -3.092031d-1
51625.000000d0,  6.689895d4,  296.306336d0,  1.182075d0,  463.235347d0,  0.000000d0,  0.000000d0,  1.801742d-1,  -3.141082d-1
51750.000000d0,  6.559816d4,  295.031440d0,  1.164099d0,  463.166129d0,  0.000000d0,  0.000000d0,  1.835958d-1,  -3.192057d-1
51875.000000d0,  6.429738d4,  293.756545d0,  1.145968d0,  463.126885d0,  0.000000d0,  0.000000d0,  1.871502d-1,  -3.245909d-1
52000.000000d0,  6.299659d4,  292.481650d0,  1.127678d0,  463.119110d0,  0.000000d0,  0.000000d0,  1.908456d-1,  -3.301106d-1
52125.000000d0,  6.169581d4,  291.206755d0,  1.109228d0,  463.144403d0,  0.000000d0,  0.000000d0,  1.946910d-1,  -3.358607d-1
52250.000000d0,  6.052432d4,  289.951237d0,  1.092878d0,  463.025480d0,  0.000000d0,  0.000000d0,  1.982847d-1,  -3.411486d-1
52375.000000d0,  5.936311d4,  288.697259d0,  1.076566d0,  462.920155d0,  0.000000d0,  0.000000d0,  2.019805d-1,  -3.465849d-1
52500.000000d0,  5.820189d4,  287.443281d0,  1.060112d0,  462.843670d0,  0.000000d0,  0.000000d0,  2.058176d-1,  -3.522356d-1
52625.000000d0,  5.704068d4,  286.189303d0,  1.043513d0,  462.797450d0,  0.000000d0,  0.000000d0,  2.099475d-1,  -3.581141d-1
52750.000000d0,  5.587947d4,  284.935325d0,  1.026769d0,  462.783014d0,  0.000000d0,  0.000000d0,  2.142415d-1,  -3.643278d-1
52875.000000d0,  5.471826d4,  283.681348d0,  1.009876d0,  462.801989d0,  0.000000d0,  0.000000d0,  2.187098d-1,  -3.707069d-1
53000.000000d0,  5.355705d4,  282.427370d0,  9.928337d-1,  462.856118d0,  0.000000d0,  0.000000d0,  2.233640d-1,  -3.773600d-1
53125.000000d0,  5.247913d4,  281.312644d0,  9.767064d-1,  463.020612d0,  0.000000d0,  0.000000d0,  2.279668d-1,  -3.838855d-1
53250.000000d0,  5.144789d4,  280.275960d0,  9.610553d-1,  463.259193d0,  0.000000d0,  0.000000d0,  2.326090d-1,  -3.904365d-1
53375.000000d0,  5.041665d4,  279.239275d0,  9.452880d-1,  463.531040d0,  0.000000d0,  0.000000d0,  2.374340d-1,  -3.972533d-1
53500.000000d0,  4.938541d4,  278.202591d0,  9.294031d-1,  463.837800d0,  0.000000d0,  0.000000d0,  2.424533d-1,  -4.043524d-1
53625.000000d0,  4.835417d4,  277.165906d0,  9.133995d-1,  464.181231d0,  0.000000d0,  0.000000d0,  2.476585d-1,  -4.118570d-1
53750.000000d0,  4.732293d4,  276.129222d0,  8.972757d-1,  464.563219d0,  0.000000d0,  0.000000d0,  2.530831d-1,  -4.195786d-1
53875.000000d0,  4.629169d4,  275.092537d0,  8.810304d-1,  464.985784d0,  0.000000d0,  0.000000d0,  2.587420d-1,  -4.276418d-1
54000.000000d0,  4.530157d4,  274.169560d0,  8.650888d-1,  465.554581d0,  0.000000d0,  0.000000d0,  2.645205d-1,  -4.358547d-1
54125.000000d0,  4.439902d4,  273.488695d0,  8.499642d-1,  466.383841d0,  0.000000d0,  0.000000d0,  2.702560d-1,  -4.439490d-1
54250.000000d0,  4.349646d4,  272.807829d0,  8.347641d-1,  467.252621d0,  0.000000d0,  0.000000d0,  2.762244d-1,  -4.523774d-1
54375.000000d0,  4.259391d4,  272.126964d0,  8.194879d-1,  468.162841d0,  0.000000d0,  0.000000d0,  2.824403d-1,  -4.611613d-1
54500.000000d0,  4.169135d4,  271.446098d0,  8.041351d-1,  469.116559d0,  0.000000d0,  0.000000d0,  2.889199d-1,  -4.704429d-1
54625.000000d0,  4.078880d4,  270.765232d0,  7.887051d-1,  470.115976d0,  0.000000d0,  0.000000d0,  2.959455d-1,  -4.800113d-1
54750.000000d0,  3.988624d4,  270.084367d0,  7.731972d-1,  471.163457d0,  0.000000d0,  0.000000d0,  3.032820d-1,  -4.900108d-1
54875.000000d0,  3.898369d4,  269.403501d0,  7.576110d-1,  472.261543d0,  0.000000d0,  0.000000d0,  3.109510d-1,  -5.004715d-1
55000.000000d0,  3.819394d4,  268.951957d0,  7.435092d-1,  473.519956d0,  0.000000d0,  0.000000d0,  3.183054d-1,  -4.965504d-1
55125.000000d0,  3.741422d4,  268.520800d0,  7.295002d-1,  474.832494d0,  0.000000d0,  0.000000d0,  3.259027d-1,  -4.922836d-1
55250.000000d0,  3.663450d4,  268.089642d0,  7.154461d-1,  476.191292d0,  0.000000d0,  0.000000d0,  3.338186d-1,  -4.880145d-1
55375.000000d0,  3.585479d4,  267.658484d0,  7.013467d-1,  477.598614d0,  0.000000d0,  0.000000d0,  3.420738d-1,  -4.836055d-1
55500.000000d0,  3.507507d4,  267.227326d0,  6.872018d-1,  479.056888d0,  0.000000d0,  0.000000d0,  3.506909d-1,  -4.790474d-1
55625.000000d0,  3.429535d4,  266.796169d0,  6.730112d-1,  480.568717d0,  0.000000d0,  0.000000d0,  3.596029d-1,  -4.741874d-1
55750.000000d0,  3.351563d4,  266.365011d0,  6.587746d-1,  482.136899d0,  0.000000d0,  0.000000d0,  3.689245d-1,  -4.692963d-1
55875.000000d0,  3.278264d4,  265.981305d0,  6.452967d-1,  483.704489d0,  0.000000d0,  0.000000d0,  3.782127d-1,  -4.636434d-1
56000.000000d0,  3.211534d4,  265.664313d0,  6.329158d-1,  485.238843d0,  0.000000d0,  0.000000d0,  3.872249d-1,  -4.568044d-1
56125.000000d0,  3.144804d4,  265.347320d0,  6.205054d-1,  486.821934d0,  0.000000d0,  0.000000d0,  3.966156d-1,  -4.498685d-1
56250.000000d0,  3.078074d4,  265.030327d0,  6.080652d-1,  488.456123d0,  0.000000d0,  0.000000d0,  4.064095d-1,  -4.426711d-1
56375.000000d0,  3.011344d4,  264.713334d0,  5.955953d-1,  490.143939d0,  0.000000d0,  0.000000d0,  4.166333d-1,  -4.351949d-1
56500.000000d0,  2.944614d4,  264.396341d0,  5.830954d-1,  491.888094d0,  0.000000d0,  0.000000d0,  4.273163d-1,  -4.272563d-1
56625.000000d0,  2.877884d4,  264.079348d0,  5.705655d-1,  493.691504d0,  0.000000d0,  0.000000d0,  4.577026d-1,  -4.576475d-1
56750.000000d0,  2.811155d4,  263.762356d0,  5.580056d-1,  495.557304d0,  0.000000d0,  0.000000d0,  4.894798d-1,  -4.894298d-1
56875.000000d0,  2.752079d4,  263.405406d0,  5.470195d-1,  497.119832d0,  0.000000d0,  0.000000d0,  5.212166d-1,  -5.211720d-1
57000.000000d0,  2.695252d4,  263.036716d0,  5.364752d-1,  498.624591d0,  0.000000d0,  0.000000d0,  5.537979d-1,  -5.537589d-1
57125.000000d0,  2.638425d4,  262.668026d0,  5.259012d-1,  500.180065d0,  0.000000d0,  0.000000d0,  5.877186d-1,  -5.876856d-1
57250.000000d0,  2.581598d4,  262.299336d0,  5.152976d-1,  501.788757d0,  0.000000d0,  0.000000d0,  6.230673d-1,  -6.230405d-1
57375.000000d0,  2.524772d4,  261.930646d0,  5.046641d-1,  503.453351d0,  0.000000d0,  0.000000d0,  6.599405d-1,  -6.599200d-1
57500.000000d0,  2.467945d4,  261.561955d0,  4.940006d-1,  505.176729d0,  0.000000d0,  0.000000d0,  6.984433d-1,  -6.984296d-1
57625.000000d0,  2.411118d4,  261.193265d0,  4.833070d-1,  506.961990d0,  0.000000d0,  0.000000d0,  7.400478d-1,  -7.400732d-1
57750.000000d0,  2.354691d4,  260.821087d0,  4.726698d-1,  508.787353d0,  0.000000d0,  0.000000d0,  7.834416d-1,  -7.835078d-1
57875.000000d0,  2.306253d4,  260.379221d0,  4.637322d-1,  510.168368d0,  0.000000d0,  0.000000d0,  8.257957d-1,  -8.256975d-1
58000.000000d0,  2.257815d4,  259.937356d0,  4.547643d-1,  511.599508d0,  0.000000d0,  0.000000d0,  8.698726d-1,  -8.698144d-1
58125.000000d0,  2.209377d4,  259.495490d0,  4.457657d-1,  513.083249d0,  0.000000d0,  0.000000d0,  9.157856d-1,  -9.157689d-1
58250.000000d0,  2.160939d4,  259.053624d0,  4.367365d-1,  514.622247d0,  0.000000d0,  0.000000d0,  9.636581d-1,  -9.636848d-1
58375.000000d0,  2.112501d4,  258.611759d0,  4.276765d-1,  516.219353d0,  0.000000d0,  0.000000d0,  1.013625d0,  -1.013697d0
58500.000000d0,  2.064063d4,  258.169893d0,  4.185854d-1,  517.877635d0,  0.000000d0,  0.000000d0,  1.065834d0,  -1.065724d0
58625.000000d0,  2.015625d4,  257.728027d0,  4.094631d-1,  519.600395d0,  0.000000d0,  0.000000d0,  1.092222d0,  -1.081504d0
58750.000000d0,  1.968660d4,  257.301796d0,  4.005848d-1,  521.340180d0,  0.000000d0,  0.000000d0,  1.119130d0,  -1.097335d0
58875.000000d0,  1.927491d4,  256.937105d0,  3.927644d-1,  522.938855d0,  0.000000d0,  0.000000d0,  1.144169d0,  -1.110639d0
59000.000000d0,  1.886321d4,  256.572415d0,  3.849217d-1,  524.592117d0,  0.000000d0,  0.000000d0,  1.170292d0,  -1.124798d0
59125.000000d0,  1.845152d4,  256.207725d0,  3.770566d-1,  526.302698d0,  0.000000d0,  0.000000d0,  1.197573d0,  -1.139613d0
59250.000000d0,  1.803983d4,  255.843035d0,  3.691692d-1,  528.073528d0,  0.000000d0,  0.000000d0,  1.226091d0,  -1.154870d0
59375.000000d0,  1.762813d4,  255.478344d0,  3.612592d-1,  529.907755d0,  0.000000d0,  0.000000d0,  1.255933d0,  -1.171131d0
59500.000000d0,  1.721644d4,  255.113654d0,  3.533266d-1,  531.808773d0,  0.000000d0,  0.000000d0,  1.287192d0,  -1.187925d0
59625.000000d0,  1.680475d4,  254.748964d0,  3.453713d-1,  533.780238d0,  0.000000d0,  0.000000d0,  1.271661d0,  -1.193909d0
59750.000000d0,  1.642365d4,  254.371110d0,  3.380404d-1,  535.586623d0,  0.000000d0,  0.000000d0,  1.253079d0,  -1.197674d0
59875.000000d0,  1.607592d4,  253.978902d0,  3.313941d-1,  537.192293d0,  0.000000d0,  0.000000d0,  1.231125d0,  -1.199124d0
60000.000000d0,  1.572818d4,  253.586695d0,  3.247273d-1,  538.854948d0,  0.000000d0,  0.000000d0,  1.208348d0,  -1.200708d0
60125.000000d0,  1.538045d4,  253.194487d0,  3.180398d-1,  540.577483d0,  0.000000d0,  0.000000d0,  0.000000d0,  0.000000d0
60250.000000d0,  1.503272d4,  252.802280d0,  3.113315d-1,  542.363004d0,  0.000000d0,  0.000000d0,  0.000000d0,  0.000000d0
60375.000000d0,  1.468498d4,  252.410072d0,  3.046024d-1,  544.214856d0,  0.000000d0,  0.000000d0,  0.000000d0,  0.000000d0
60500.000000d0,  1.433725d4,  252.017864d0,  2.978524d-1,  546.136644d0,  0.000000d0,  0.000000d0,  0.000000d0,  0.000000d0
60625.000000d0,  1.398951d4,  251.625657d0,  2.910813d-1,  548.132260d0,  0.000000d0,  0.000000d0,  0.000000d0,  0.000000d0
60750.000000d0,  1.367356d4,  251.137701d0,  2.850600d-1,  549.725010d0,  0.000000d0,  0.000000d0,  0.000000d0,  0.000000d0
60875.000000d0,  1.337889d4,  250.585592d0,  2.795315d-1,  551.055514d0,  0.000000d0,  0.000000d0,  0.000000d0,  0.000000d0
61000.000000d0,  1.308423d4,  250.033482d0,  2.739786d-1,  552.443376d0,  0.000000d0,  0.000000d0,  0.000000d0,  0.000000d0
61125.000000d0,  1.278956d4,  249.481373d0,  2.684011d-1,  553.891597d0,  0.000000d0,  0.000000d0,  0.000000d0,  0.000000d0
61250.000000d0,  1.249490d4,  248.929263d0,  2.627989d-1,  555.403404d0,  0.000000d0,  0.000000d0,  0.000000d0,  0.000000d0
61375.000000d0,  1.220024d4,  248.377154d0,  2.571717d-1,  556.982278d0,  0.000000d0,  0.000000d0,  0.000000d0,  0.000000d0
61500.000000d0,  1.190557d4,  247.825045d0,  2.515195d-1,  558.631976d0,  0.000000d0,  0.000000d0,  0.000000d0,  0.000000d0
61625.000000d0,  1.161091d4,  247.272935d0,  2.458421d-1,  560.356563d0,  0.000000d0,  0.000000d0,  0.000000d0,  0.000000d0
61750.000000d0,  1.135313d4,  246.376998d0,  2.412581d-1,  560.989930d0,  0.000000d0,  0.000000d0,  0.000000d0,  0.000000d0
61875.000000d0,  1.110305d4,  245.409253d0,  2.368743d-1,  561.431079d0,  0.000000d0,  0.000000d0,  0.000000d0,  0.000000d0
62000.000000d0,  1.085297d4,  244.441508d0,  2.324557d-1,  561.924280d0,  0.000000d0,  0.000000d0,  0.000000d0,  0.000000d0
62125.000000d0,  1.060289d4,  243.473763d0,  2.280020d-1,  562.472423d0,  0.000000d0,  0.000000d0,  0.000000d0,  0.000000d0
62250.000000d0,  1.035281d4,  242.506018d0,  2.235127d-1,  563.078622d0,  0.000000d0,  0.000000d0,  0.000000d0,  0.000000d0
62375.000000d0,  1.010273d4,  241.538273d0,  2.189875d-1,  563.746247d0,  0.000000d0,  0.000000d0,  0.000000d0,  0.000000d0
62500.000000d0,  9.852649d3,  240.570528d0,  2.144259d-1,  564.478942d0,  0.000000d0,  0.000000d0,  0.000000d0,  0.000000d0
62625.000000d0,  9.602570d3,  239.602782d0,  2.098274d-1,  565.280664d0,  0.000000d0,  0.000000d0,  0.000000d0,  0.000000d0
62750.000000d0,  9.385210d3,  238.661987d0,  2.058863d-1,  565.800611d0,  0.000000d0,  0.000000d0,  0.000000d0,  0.000000d0
62875.000000d0,  9.168323d3,  237.721582d0,  2.019240d-1,  566.371376d0,  0.000000d0,  0.000000d0,  0.000000d0,  0.000000d0
63000.000000d0,  8.951437d3,  236.781178d0,  1.979303d-1,  567.001121d0,  0.000000d0,  0.000000d0,  0.000000d0,  0.000000d0
63125.000000d0,  8.734551d3,  235.840773d0,  1.939047d-1,  567.693278d0,  0.000000d0,  0.000000d0,  0.000000d0,  0.000000d0
63250.000000d0,  8.517665d3,  234.900368d0,  1.898469d-1,  568.451560d0,  0.000000d0,  0.000000d0,  0.000000d0,  0.000000d0
63375.000000d0,  8.300779d3,  233.959963d0,  1.857565d-1,  569.279997d0,  0.000000d0,  0.000000d0,  0.000000d0,  0.000000d0
63500.000000d0,  8.083892d3,  233.019558d0,  1.816330d-1,  570.182970d0,  0.000000d0,  0.000000d0,  0.000000d0,  0.000000d0
63625.000000d0,  7.883255d3,  232.307407d0,  1.776680d-1,  571.476998d0,  0.000000d0,  0.000000d0,  0.000000d0,  0.000000d0
63750.000000d0,  7.700584d3,  231.847664d0,  1.738952d-1,  573.187671d0,  0.000000d0,  0.000000d0,  0.000000d0,  0.000000d0
63875.000000d0,  7.517914d3,  231.387920d0,  1.701074d-1,  574.969806d0,  0.000000d0,  0.000000d0,  0.000000d0,  0.000000d0
64000.000000d0,  7.335244d3,  230.928177d0,  1.663046d-1,  576.827415d0,  0.000000d0,  0.000000d0,  0.000000d0,  0.000000d0
64125.000000d0,  7.152574d3,  230.468433d0,  1.624866d-1,  578.764839d0,  0.000000d0,  0.000000d0,  0.000000d0,  0.000000d0
64250.000000d0,  6.969904d3,  230.008690d0,  1.586533d-1,  580.786783d0,  0.000000d0,  0.000000d0,  0.000000d0,  0.000000d0
64375.000000d0,  6.787234d3,  229.548947d0,  1.548047d-1,  582.898361d0,  0.000000d0,  0.000000d0,  0.000000d0,  0.000000d0
64500.000000d0,  6.604564d3,  229.089203d0,  1.509406d-1,  585.105140d0,  0.000000d0,  0.000000d0,  0.000000d0,  0.000000d0
64625.000000d0,  6.448980d3,  228.698923d0,  1.476364d-1,  587.067622d0,  0.000000d0,  0.000000d0,  0.000000d0,  0.000000d0
64750.000000d0,  6.295919d3,  228.315112d0,  1.443747d-1,  589.074316d0,  0.000000d0,  0.000000d0,  0.000000d0,  0.000000d0
64875.000000d0,  6.142859d3,  227.931301d0,  1.411020d-1,  591.160284d0,  0.000000d0,  0.000000d0,  0.000000d0,  0.000000d0
65000.000000d0,  5.989798d3,  227.547490d0,  1.378183d-1,  593.330064d0,  0.000000d0,  0.000000d0,  0.000000d0,  0.000000d0
65125.000000d0,  5.836737d3,  227.163679d0,  1.345234d-1,  595.588579d0,  0.000000d0,  0.000000d0,  0.000000d0,  0.000000d0
65250.000000d0,  5.683676d3,  226.779868d0,  1.312174d-1,  597.941175d0,  0.000000d0,  0.000000d0,  0.000000d0,  0.000000d0
65375.000000d0,  5.530615d3,  226.396057d0,  1.279002d-1,  600.393674d0,  0.000000d0,  0.000000d0,  0.000000d0,  0.000000d0
65500.000000d0,  5.389034d3,  226.030233d0,  1.248277d-1,  602.727887d0,  0.000000d0,  0.000000d0,  0.000000d0,  0.000000d0
65625.000000d0,  5.261275d3,  225.686066d0,  1.220542d-1,  604.878835d0,  0.000000d0,  0.000000d0,  0.000000d0,  0.000000d0
65750.000000d0,  5.133516d3,  225.341899d0,  1.192723d-1,  607.111954d0,  0.000000d0,  0.000000d0,  0.000000d0,  0.000000d0
65875.000000d0,  5.005756d3,  224.997732d0,  1.164818d-1,  609.431934d0,  0.000000d0,  0.000000d0,  0.000000d0,  0.000000d0
66000.000000d0,  4.877997d3,  224.653565d0,  1.136828d-1,  611.843857d0,  0.000000d0,  0.000000d0,  0.000000d0,  0.000000d0
66125.000000d0,  4.750238d3,  224.309398d0,  1.108752d-1,  614.353245d0,  0.000000d0,  0.000000d0,  0.000000d0,  0.000000d0
66250.000000d0,  4.622479d3,  223.965231d0,  1.080590d-1,  616.966107d0,  0.000000d0,  0.000000d0,  0.000000d0,  0.000000d0
66375.000000d0,  4.494719d3,  223.621064d0,  1.052341d-1,  619.688998d0,  0.000000d0,  0.000000d0,  0.000000d0,  0.000000d0
66500.000000d0,  4.386434d3,  223.299791d0,  1.028466d-1,  622.005952d0,  0.000000d0,  0.000000d0,  0.000000d0,  0.000000d0
66625.000000d0,  4.280115d3,  222.980831d0,  1.004973d-1,  624.356602d0,  0.000000d0,  0.000000d0,  0.000000d0,  0.000000d0
66750.000000d0,  4.173797d3,  222.661871d0,  9.814136d-2,  626.796859d0,  0.000000d0,  0.000000d0,  0.000000d0,  0.000000d0
66875.000000d0,  4.067478d3,  222.342911d0,  9.577862d-2,  629.331950d0,  0.000000d0,  0.000000d0,  0.000000d0,  0.000000d0
67000.000000d0,  3.961160d3,  222.023950d0,  9.340910d-2,  631.967550d0,  0.000000d0,  0.000000d0,  0.000000d0,  0.000000d0
67125.000000d0,  3.854841d3,  221.704990d0,  9.103275d-2,  634.709836d0,  0.000000d0,  0.000000d0,  0.000000d0,  0.000000d0
67250.000000d0,  3.748523d3,  221.386030d0,  8.864955d-2,  637.565543d0,  0.000000d0,  0.000000d0,  0.000000d0,  0.000000d0
67375.000000d0,  3.650339d3,  221.080391d0,  8.644693d-2,  640.277746d0,  0.000000d0,  0.000000d0,  0.000000d0,  0.000000d0
67500.000000d0,  3.562116d3,  220.791062d0,  8.446819d-2,  642.764768d0,  0.000000d0,  0.000000d0,  0.000000d0,  0.000000d0
67625.000000d0,  3.473893d3,  220.501733d0,  8.248425d-2,  645.344278d0,  0.000000d0,  0.000000d0,  0.000000d0,  0.000000d0
67750.000000d0,  3.385670d3,  220.212404d0,  8.049510d-2,  648.021647d0,  0.000000d0,  0.000000d0,  0.000000d0,  0.000000d0
67875.000000d0,  3.297447d3,  219.923075d0,  7.850071d-2,  650.802702d0,  0.000000d0,  0.000000d0,  0.000000d0,  0.000000d0
68000.000000d0,  3.209223d3,  219.633747d0,  7.650107d-2,  653.693785d0,  0.000000d0,  0.000000d0,  0.000000d0,  0.000000d0
68125.000000d0,  3.121000d3,  219.344418d0,  7.449616d-2,  656.701809d0,  0.000000d0,  0.000000d0,  0.000000d0,  0.000000d0
68250.000000d0,  3.032777d3,  219.055089d0,  7.248594d-2,  659.834331d0,  0.000000d0,  0.000000d0,  0.000000d0,  0.000000d0
68375.000000d0,  2.958134d3,  218.798226d0,  7.078492d-2,  662.551447d0,  0.000000d0,  0.000000d0,  0.000000d0,  0.000000d0
68500.000000d0,  2.885184d3,  218.545408d0,  6.911916d-2,  665.298218d0,  0.000000d0,  0.000000d0,  0.000000d0,  0.000000d0
68625.000000d0,  2.812234d3,  218.292591d0,  6.744955d-2,  668.146054d0,  0.000000d0,  0.000000d0,  0.000000d0,  0.000000d0
68750.000000d0,  2.739283d3,  218.039774d0,  6.577606d-2,  671.100936d0,  0.000000d0,  0.000000d0,  0.000000d0,  0.000000d0
68875.000000d0,  2.666333d3,  217.786957d0,  6.409869d-2,  674.169367d0,  0.000000d0,  0.000000d0,  0.000000d0,  0.000000d0
69000.000000d0,  2.593383d3,  217.534139d0,  6.241742d-2,  677.358432d0,  0.000000d0,  0.000000d0,  0.000000d0,  0.000000d0
69125.000000d0,  2.520433d3,  217.281322d0,  6.073224d-2,  680.675873d0,  0.000000d0,  0.000000d0,  0.000000d0,  0.000000d0
69250.000000d0,  2.452515d3,  217.036709d0,  5.916230d-2,  683.858183d0,  0.000000d0,  0.000000d0,  0.000000d0,  0.000000d0
69375.000000d0,  2.392438d3,  216.804880d0,  5.777478d-2,  686.728692d0,  0.000000d0,  0.000000d0,  0.000000d0,  0.000000d0
69500.000000d0,  2.332362d3,  216.573050d0,  5.638429d-2,  689.702677d0,  0.000000d0,  0.000000d0,  0.000000d0,  0.000000d0
69625.000000d0,  2.272285d3,  216.341220d0,  5.499082d-2,  692.786212d0,  0.000000d0,  0.000000d0,  0.000000d0,  0.000000d0
69750.000000d0,  2.212209d3,  216.109391d0,  5.359436d-2,  695.985893d0,  0.000000d0,  0.000000d0,  0.000000d0,  0.000000d0
69875.000000d0,  2.152132d3,  215.877561d0,  5.219490d-2,  699.308909d0,  0.000000d0,  0.000000d0,  0.000000d0,  0.000000d0
70000.000000d0,  2.092055d3,  215.645731d0,  5.079242d-2,  702.763105d0,  0.000000d0,  0.000000d0,  0.000000d0,  0.000000d0
70125.000000d0,  2.031979d3,  215.413902d0,  4.938694d-2,  706.357066d0,  0.000000d0,  0.000000d0,  0.000000d0,  0.000000d0
70250.000000d0,  1.980113d3,  215.186030d0,  4.817731d-2,  709.488039d0,  0.000000d0,  0.000000d0,  0.000000d0,  0.000000d0
70375.000000d0,  1.930737d3,  214.959358d0,  4.702550d-2,  712.544814d0,  0.000000d0,  0.000000d0,  0.000000d0,  0.000000d0
70500.000000d0,  1.881361d3,  214.732686d0,  4.587126d-2,  715.713216d0,  0.000000d0,  0.000000d0,  0.000000d0,  0.000000d0
70625.000000d0,  1.831985d3,  214.506015d0,  4.471458d-2,  718.999918d0,  0.000000d0,  0.000000d0,  0.000000d0,  0.000000d0
70750.000000d0,  1.782610d3,  214.279343d0,  4.355545d-2,  722.412183d0,  0.000000d0,  0.000000d0,  0.000000d0,  0.000000d0
70875.000000d0,  1.733234d3,  214.052671d0,  4.239387d-2,  725.957935d0,  0.000000d0,  0.000000d0,  0.000000d0,  0.000000d0
71000.000000d0,  1.683858d3,  213.826000d0,  4.122983d-2,  729.645839d0,  0.000000d0,  0.000000d0,  0.000000d0,  0.000000d0
71125.000000d0,  1.636382d3,  213.591120d0,  4.011144d-2,  733.276547d0,  0.000000d0,  0.000000d0,  0.000000d0,  0.000000d0
71250.000000d0,  1.595928d3,  213.325920d0,  3.916845d-2,  736.262742d0,  0.000000d0,  0.000000d0,  0.000000d0,  0.000000d0
71375.000000d0,  1.555474d3,  213.060719d0,  3.822311d-2,  739.360689d0,  0.000000d0,  0.000000d0,  0.000000d0,  0.000000d0
71500.000000d0,  1.515020d3,  212.795518d0,  3.727542d-2,  742.577025d0,  0.000000d0,  0.000000d0,  0.000000d0,  0.000000d0
71625.000000d0,  1.474566d3,  212.530318d0,  3.632536d-2,  745.918968d0,  0.000000d0,  0.000000d0,  0.000000d0,  0.000000d0
71750.000000d0,  1.434112d3,  212.265117d0,  3.537293d-2,  749.394389d0,  0.000000d0,  0.000000d0,  0.000000d0,  0.000000d0
71875.000000d0,  1.393658d3,  211.999916d0,  3.441812d-2,  753.011886d0,  0.000000d0,  0.000000d0,  0.000000d0,  0.000000d0
72000.000000d0,  1.353204d3,  211.734716d0,  3.346091d-2,  756.780879d0,  0.000000d0,  0.000000d0,  0.000000d0,  0.000000d0
72125.000000d0,  1.316407d3,  211.474274d0,  3.259112d-2,  760.280328d0,  0.000000d0,  0.000000d0,  0.000000d0,  0.000000d0
72250.000000d0,  1.283259d3,  211.218581d0,  3.180891d-2,  763.477558d0,  0.000000d0,  0.000000d0,  0.000000d0,  0.000000d0
72375.000000d0,  1.250111d3,  210.962887d0,  3.102480d-2,  766.795601d0,  0.000000d0,  0.000000d0,  0.000000d0,  0.000000d0
72500.000000d0,  1.216963d3,  210.707194d0,  3.023879d-2,  770.241768d0,  0.000000d0,  0.000000d0,  0.000000d0,  0.000000d0
72625.000000d0,  1.183814d3,  210.451501d0,  2.945088d-2,  773.824026d0,  0.000000d0,  0.000000d0,  0.000000d0,  0.000000d0
72750.000000d0,  1.150666d3,  210.195808d0,  2.866104d-2,  777.551074d0,  0.000000d0,  0.000000d0,  0.000000d0,  0.000000d0
72875.000000d0,  1.117518d3,  209.940114d0,  2.786928d-2,  781.432435d0,  0.000000d0,  0.000000d0,  0.000000d0,  0.000000d0
73000.000000d0,  1.084370d3,  209.684421d0,  2.707559d-2,  785.478563d0,  0.000000d0,  0.000000d0,  0.000000d0,  0.000000d0
73125.000000d0,  1.056749d3,  209.433527d0,  2.641753d-2,  788.841658d0,  0.000000d0,  0.000000d0,  0.000000d0,  0.000000d0
73250.000000d0,  1.029753d3,  209.183176d0,  2.577348d-2,  792.232805d0,  0.000000d0,  0.000000d0,  0.000000d0,  0.000000d0
73375.000000d0,  1.002758d3,  208.932825d0,  2.512788d-2,  795.753356d0,  0.000000d0,  0.000000d0,  0.000000d0,  0.000000d0
73500.000000d0,  9.757620d2,  208.682474d0,  2.448074d-2,  799.411260d0,  0.000000d0,  0.000000d0,  0.000000d0,  0.000000d0
73625.000000d0,  9.487664d2,  208.432123d0,  2.383204d-2,  803.215191d0,  0.000000d0,  0.000000d0,  0.000000d0,  0.000000d0
73750.000000d0,  9.217707d2,  208.181772d0,  2.318178d-2,  807.174632d0,  0.000000d0,  0.000000d0,  0.000000d0,  0.000000d0
73875.000000d0,  8.947751d2,  207.931422d0,  2.252996d-2,  811.299982d0,  0.000000d0,  0.000000d0,  0.000000d0,  0.000000d0
74000.000000d0,  8.683028d2,  207.669979d0,  2.189092d-2,  815.454890d0,  0.000000d0,  0.000000d0,  0.000000d0,  0.000000d0
74125.000000d0,  8.463157d2,  207.313464d0,  2.137330d-2,  818.493071d0,  0.000000d0,  0.000000d0,  0.000000d0,  0.000000d0
74250.000000d0,  8.243286d2,  206.956948d0,  2.085389d-2,  821.657736d0,  0.000000d0,  0.000000d0,  0.000000d0,  0.000000d0
74375.000000d0,  8.023415d2,  206.600433d0,  2.033268d-2,  824.956639d0,  0.000000d0,  0.000000d0,  0.000000d0,  0.000000d0
74500.000000d0,  7.803544d2,  206.243918d0,  1.980968d-2,  828.398236d0,  0.000000d0,  0.000000d0,  0.000000d0,  0.000000d0
74625.000000d0,  7.583673d2,  205.887403d0,  1.928486d-2,  831.991765d0,  0.000000d0,  0.000000d0,  0.000000d0,  0.000000d0
74750.000000d0,  7.363803d2,  205.530888d0,  1.875822d-2,  835.747349d0,  0.000000d0,  0.000000d0,  0.000000d0,  0.000000d0
74875.000000d0,  7.143932d2,  205.174373d0,  1.822975d-2,  839.676106d0,  0.000000d0,  0.000000d0,  0.000000d0,  0.000000d0
75000.000000d0,  6.940159d2,  204.820084d0,  1.774040d-2,  843.384172d0,  0.000000d0,  0.000000d0,  0.000000d0,  0.000000d0
75125.000000d0,  6.760999d2,  204.469197d0,  1.731209d-2,  846.620248d0,  0.000000d0,  0.000000d0,  0.000000d0,  0.000000d0
75250.000000d0,  6.581840d2,  204.118310d0,  1.688231d-2,  849.992800d0,  0.000000d0,  0.000000d0,  0.000000d0,  0.000000d0
75375.000000d0,  6.402680d2,  203.767423d0,  1.645105d-2,  853.510365d0,  0.000000d0,  0.000000d0,  0.000000d0,  0.000000d0
75500.000000d0,  6.223521d2,  203.416536d0,  1.601830d-2,  857.182267d0,  0.000000d0,  0.000000d0,  0.000000d0,  0.000000d0
75625.000000d0,  6.044362d2,  203.065649d0,  1.558406d-2,  861.018715d0,  0.000000d0,  0.000000d0,  0.000000d0,  0.000000d0
75750.000000d0,  5.865202d2,  202.714762d0,  1.514831d-2,  865.030916d0,  0.000000d0,  0.000000d0,  0.000000d0,  0.000000d0
75875.000000d0,  5.686043d2,  202.363876d0,  1.471105d-2,  869.231204d0,  0.000000d0,  0.000000d0,  0.000000d0,  0.000000d0
76000.000000d0,  5.525160d2,  201.999022d0,  1.432063d-2,  872.959420d0,  0.000000d0,  0.000000d0,  0.000000d0,  0.000000d0
76125.000000d0,  5.380426d2,  201.621827d0,  1.397159d-2,  876.246221d0,  0.000000d0,  0.000000d0,  0.000000d0,  0.000000d0
76250.000000d0,  5.235692d2,  201.244632d0,  1.362123d-2,  879.677296d0,  0.000000d0,  0.000000d0,  0.000000d0,  0.000000d0
76375.000000d0,  5.090958d2,  200.867436d0,  1.326956d-2,  883.261832d0,  0.000000d0,  0.000000d0,  0.000000d0,  0.000000d0
76500.000000d0,  4.946224d2,  200.490241d0,  1.291657d-2,  887.009872d0,  0.000000d0,  0.000000d0,  0.000000d0,  0.000000d0
76625.000000d0,  4.801490d2,  200.113046d0,  1.256225d-2,  890.932432d0,  0.000000d0,  0.000000d0,  0.000000d0,  0.000000d0
76750.000000d0,  4.656756d2,  199.735851d0,  1.220658d-2,  895.041621d0,  0.000000d0,  0.000000d0,  0.000000d0,  0.000000d0
76875.000000d0,  4.512022d2,  199.358656d0,  1.184958d-2,  899.350794d0,  0.000000d0,  0.000000d0,  0.000000d0,  0.000000d0
77000.000000d0,  4.387900d2,  198.919662d0,  1.154903d-2,  902.692554d0,  0.000000d0,  0.000000d0,  0.000000d0,  0.000000d0
77125.000000d0,  4.270607d2,  198.460190d0,  1.126634d-2,  905.795210d0,  0.000000d0,  0.000000d0,  0.000000d0,  0.000000d0
77250.000000d0,  4.153314d2,  198.000718d0,  1.098233d-2,  909.049068d0,  0.000000d0,  0.000000d0,  0.000000d0,  0.000000d0
77375.000000d0,  4.036021d2,  197.541246d0,  1.069701d-2,  912.464019d0,  0.000000d0,  0.000000d0,  0.000000d0,  0.000000d0
77500.000000d0,  3.918728d2,  197.081774d0,  1.041035d-2,  916.050906d0,  0.000000d0,  0.000000d0,  0.000000d0,  0.000000d0
77625.000000d0,  3.801435d2,  196.622301d0,  1.012235d-2,  919.821645d0,  0.000000d0,  0.000000d0,  0.000000d0,  0.000000d0
77750.000000d0,  3.684142d2,  196.162829d0,  9.833006d-3,  923.789368d0,  0.000000d0,  0.000000d0,  0.000000d0,  0.000000d0
77875.000000d0,  3.566849d2,  195.703357d0,  9.542301d-3,  927.968590d0,  0.000000d0,  0.000000d0,  0.000000d0,  0.000000d0
78000.000000d0,  3.468025d2,  195.310908d0,  9.296562d-3,  931.640316d0,  0.000000d0,  0.000000d0,  0.000000d0,  0.000000d0
78125.000000d0,  3.373429d2,  194.933802d0,  9.060476d-3,  935.308829d0,  0.000000d0,  0.000000d0,  0.000000d0,  0.000000d0
78250.000000d0,  3.278832d2,  194.556695d0,  8.823475d-3,  939.144870d0,  0.000000d0,  0.000000d0,  0.000000d0,  0.000000d0
78375.000000d0,  3.184236d2,  194.179589d0,  8.585554d-3,  943.159575d0,  0.000000d0,  0.000000d0,  0.000000d0,  0.000000d0
78500.000000d0,  3.089640d2,  193.802483d0,  8.346706d-3,  947.365172d0,  0.000000d0,  0.000000d0,  0.000000d0,  0.000000d0
78625.000000d0,  2.995043d2,  193.425377d0,  8.106927d-3,  951.775126d0,  0.000000d0,  0.000000d0,  0.000000d0,  0.000000d0
78750.000000d0,  2.900447d2,  193.048271d0,  7.866212d-3,  956.404305d0,  0.000000d0,  0.000000d0,  0.000000d0,  0.000000d0
78875.000000d0,  2.806283d2,  192.669373d0,  7.625800d-3,  961.228837d0,  0.000000d0,  0.000000d0,  0.000000d0,  0.000000d0
79000.000000d0,  2.730721d2,  192.213433d0,  7.438070d-3,  964.518947d0,  0.000000d0,  0.000000d0,  0.000000d0,  0.000000d0
79125.000000d0,  2.655159d2,  191.757494d0,  7.249446d-3,  967.972038d0,  0.000000d0,  0.000000d0,  0.000000d0,  0.000000d0
79250.000000d0,  2.579597d2,  191.301554d0,  7.059923d-3,  971.598863d0,  0.000000d0,  0.000000d0,  0.000000d0,  0.000000d0
79375.000000d0,  2.504035d2,  190.845614d0,  6.869495d-3,  975.411216d0,  0.000000d0,  0.000000d0,  0.000000d0,  0.000000d0
79500.000000d0,  2.428473d2,  190.389675d0,  6.678155d-3,  979.422069d0,  0.000000d0,  0.000000d0,  0.000000d0,  0.000000d0
79625.000000d0,  2.352911d2,  189.933735d0,  6.485896d-3,  983.645729d0,  0.000000d0,  0.000000d0,  0.000000d0,  0.000000d0
79750.000000d0,  2.277349d2,  189.477795d0,  6.292712d-3,  988.098025d0,  0.000000d0,  0.000000d0,  0.000000d0,  0.000000d0
79875.000000d0,  2.202605d2,  189.030384d0,  6.100587d-3,  992.763109d0,  0.000000d0,  0.000000d0,  0.000000d0,  0.000000d0
80000.000000d0,  2.141719d2,  188.727396d0,  5.941473d-3,  997.079349d0,  0.000000d0,  0.000000d0,  0.000000d0,  0.000000d0
80125.000000d0,  2.080833d2,  188.424409d0,  5.781848d-3,  1001.583425d0,  0.000000d0,  0.000000d0,  0.000000d0,  0.000000d0
80250.000000d0,  2.019947d2,  188.121422d0,  5.621708d-3,  1006.287945d0,  0.000000d0,  0.000000d0,  0.000000d0,  0.000000d0
80375.000000d0,  1.959061d2,  187.818434d0,  5.461052d-3,  1011.206773d0,  0.000000d0,  0.000000d0,  0.000000d0,  0.000000d0
80500.000000d0,  1.898174d2,  187.515447d0,  5.299876d-3,  1016.355190d0,  0.000000d0,  0.000000d0,  0.000000d0,  0.000000d0
80625.000000d0,  1.837288d2,  187.212460d0,  5.138179d-3,  1021.750095d0,  0.000000d0,  0.000000d0,  0.000000d0,  0.000000d0
80750.000000d0,  1.776402d2,  186.909472d0,  4.975957d-3,  1027.410236d0,  0.000000d0,  0.000000d0,  0.000000d0,  0.000000d0
80875.000000d0,  1.719326d2,  186.513101d0,  4.826314d-3,  1032.353751d0,  0.000000d0,  0.000000d0,  0.000000d0,  0.000000d0
81000.000000d0,  1.671708d2,  185.884914d0,  4.708503d-3,  1035.020916d0,  0.000000d0,  0.000000d0,  0.000000d0,  0.000000d0
81125.000000d0,  1.624090d2,  185.256727d0,  4.589894d-3,  1037.861691d0,  0.000000d0,  0.000000d0,  0.000000d0,  0.000000d0
81250.000000d0,  1.576471d2,  184.628540d0,  4.470478d-3,  1040.888049d0,  0.000000d0,  0.000000d0,  0.000000d0,  0.000000d0
81375.000000d0,  1.528853d2,  184.000352d0,  4.350246d-3,  1044.113163d0,  0.000000d0,  0.000000d0,  0.000000d0,  0.000000d0
81500.000000d0,  1.481235d2,  183.372165d0,  4.229190d-3,  1047.551570d0,  0.000000d0,  0.000000d0,  0.000000d0,  0.000000d0
81625.000000d0,  1.433617d2,  182.743978d0,  4.107302d-3,  1051.219364d0,  0.000000d0,  0.000000d0,  0.000000d0,  0.000000d0
81750.000000d0,  1.385999d2,  182.115791d0,  3.984574d-3,  1055.134413d0,  0.000000d0,  0.000000d0,  0.000000d0,  0.000000d0
81875.000000d0,  1.340591d2,  181.564653d0,  3.865732d-3,  1059.395612d0,  0.000000d0,  0.000000d0,  0.000000d0,  0.000000d0
82000.000000d0,  1.301316d2,  181.227202d0,  3.759464d-3,  1064.113098d0,  0.000000d0,  0.000000d0,  0.000000d0,  0.000000d0
82125.000000d0,  1.262040d2,  180.889752d0,  3.652800d-3,  1069.054396d0,  0.000000d0,  0.000000d0,  0.000000d0,  0.000000d0
82250.000000d0,  1.222765d2,  180.552301d0,  3.545737d-3,  1074.235535d0,  0.000000d0,  0.000000d0,  0.000000d0,  0.000000d0
82375.000000d0,  1.183489d2,  180.214851d0,  3.438273d-3,  1079.674245d0,  0.000000d0,  0.000000d0,  0.000000d0,  0.000000d0
82500.000000d0,  1.144213d2,  179.877400d0,  3.330405d-3,  1085.390199d0,  0.000000d0,  0.000000d0,  0.000000d0,  0.000000d0
82625.000000d0,  1.104938d2,  179.539949d0,  3.222133d-3,  1091.405301d0,  0.000000d0,  0.000000d0,  0.000000d0,  0.000000d0
82750.000000d0,  1.065662d2,  179.202499d0,  3.113452d-3,  1097.744028d0,  0.000000d0,  0.000000d0,  0.000000d0,  0.000000d0
82875.000000d0,  1.032915d2,  178.967736d0,  3.021735d-3,  1103.583720d0,  0.000000d0,  0.000000d0,  0.000000d0,  0.000000d0
83000.000000d0,  1.003273d2,  178.781830d0,  2.938071d-3,  1109.263118d0,  0.000000d0,  0.000000d0,  0.000000d0,  0.000000d0
83125.000000d0,  9.736310d1,  178.595925d0,  2.854233d-3,  1115.176970d0,  0.000000d0,  0.000000d0,  0.000000d0,  0.000000d0
83250.000000d0,  9.439892d1,  178.410020d0,  2.770221d-3,  1121.341542d0,  0.000000d0,  0.000000d0,  0.000000d0,  0.000000d0
83375.000000d0,  9.143474d1,  178.224114d0,  2.686033d-3,  1127.774785d0,  0.000000d0,  0.000000d0,  0.000000d0,  0.000000d0
83500.000000d0,  8.847056d1,  178.038209d0,  2.601670d-3,  1134.496560d0,  0.000000d0,  0.000000d0,  0.000000d0,  0.000000d0
83625.000000d0,  8.550638d1,  177.852304d0,  2.517130d-3,  1141.528923d0,  0.000000d0,  0.000000d0,  0.000000d0,  0.000000d0
83750.000000d0,  8.254219d1,  177.666398d0,  2.432413d-3,  1148.896447d0,  0.000000d0,  0.000000d0,  0.000000d0,  0.000000d0
83875.000000d0,  7.994743d1,  176.772607d0,  2.367861d-3,  1150.882896d0,  0.000000d0,  0.000000d0,  0.000000d0,  0.000000d0
84000.000000d0,  7.754421d1,  175.511745d0,  2.313182d-3,  1150.091134d0,  0.000000d0,  0.000000d0,  0.000000d0,  0.000000d0
84125.000000d0,  7.514100d1,  174.250883d0,  2.257712d-3,  1149.474733d0,  0.000000d0,  0.000000d0,  0.000000d0,  0.000000d0
84250.000000d0,  7.273779d1,  172.990021d0,  2.201434d-3,  1149.047770d0,  0.000000d0,  0.000000d0,  0.000000d0,  0.000000d0
84375.000000d0,  7.033457d1,  171.729158d0,  2.144329d-3,  1148.825905d0,  0.000000d0,  0.000000d0,  0.000000d0,  0.000000d0
84500.000000d0,  6.793136d1,  170.468296d0,  2.086380d-3,  1148.826616d0,  0.000000d0,  0.000000d0,  0.000000d0,  0.000000d0
84625.000000d0,  6.552815d1,  169.207434d0,  2.027566d-3,  1149.069487d0,  0.000000d0,  0.000000d0,  0.000000d0,  0.000000d0
84750.000000d0,  6.312494d1,  167.946572d0,  1.967870d-3,  1149.576542d0,  0.000000d0,  0.000000d0,  0.000000d0,  0.000000d0
84875.000000d0,  6.114073d1,  167.168455d0,  1.914886d-3,  1152.023690d0,  0.000000d0,  0.000000d0,  0.000000d0,  0.000000d0
85000.000000d0,  5.915738d1,  166.391332d0,  1.861422d-3,  1154.712276d0,  0.000000d0,  0.000000d0,  0.000000d0,  0.000000d0
85125.000000d0,  5.717403d1,  165.614209d0,  1.807456d-3,  1157.657859d0,  0.000000d0,  0.000000d0,  0.000000d0,  0.000000d0
85250.000000d0,  5.519068d1,  164.837086d0,  1.752982d-3,  1160.881682d0,  0.000000d0,  0.000000d0,  0.000000d0,  0.000000d0
85375.000000d0,  5.320734d1,  164.059962d0,  1.697992d-3,  1164.407542d0,  0.000000d0,  0.000000d0,  0.000000d0,  0.000000d0
85500.000000d0,  5.122399d1,  163.282839d0,  1.642478d-3,  1168.262209d0,  0.000000d0,  0.000000d0,  0.000000d0,  0.000000d0
85625.000000d0,  4.924064d1,  162.505716d0,  1.586433d-3,  1172.475924d0,  0.000000d0,  0.000000d0,  0.000000d0,  0.000000d0
85750.000000d0,  4.747772d1,  162.505716d0,  1.526426d-3,  1186.492206d0,  0.000000d0,  0.000000d0,  0.000000d0,  0.000000d0
85875.000000d0,  4.578148d1,  162.505716d0,  1.471891d-3,  1195.697443d0,  0.000000d0,  0.000000d0,  0.000000d0,  0.000000d0
86000.000000d0,  4.414584d1,  162.505716d0,  1.419304d-3,  1204.974097d0,  0.000000d0,  0.000000d0,  0.000000d0,  0.000000d0
86125.000000d0,  4.256864d1,  162.505716d0,  1.368597d-3,  1214.322723d0,  0.000000d0,  0.000000d0,  0.000000d0,  0.000000d0
86250.000000d0,  4.104778d1,  162.505716d0,  1.319701d-3,  1223.743879d0,  0.000000d0,  0.000000d0,  0.000000d0,  0.000000d0
86375.000000d0,  3.958126d1,  162.505716d0,  1.272552d-3,  1233.238127d0,  0.000000d0,  0.000000d0,  0.000000d0,  0.000000d0
86500.000000d0,  3.816714d1,  162.505716d0,  1.227087d-3,  1242.806036d0,  0.000000d0,  0.000000d0,  0.000000d0,  0.000000d0
86625.000000d0,  3.680354d1,  162.505716d0,  1.183247d-3,  1252.448176d0,  0.000000d0,  0.000000d0,  0.000000d0,  0.000000d0
86750.000000d0,  3.548866d1,  162.505716d0,  1.140973d-3,  1262.165123d0,  0.000000d0,  0.000000d0,  0.000000d0,  0.000000d0
86875.000000d0,  3.422075d1,  162.505716d0,  1.100209d-3,  1271.957457d0,  0.000000d0,  0.000000d0,  0.000000d0,  0.000000d0
87000.000000d0,  3.299814d1,  162.505716d0,  1.060902d-3,  1281.825764d0,  0.000000d0,  0.000000d0,  0.000000d0,  0.000000d0
87125.000000d0,  3.181922d1,  162.505716d0,  1.022999d-3,  1291.770633d0,  0.000000d0,  0.000000d0,  0.000000d0,  0.000000d0
87250.000000d0,  3.068241d1,  162.505716d0,  9.864504d-4,  1301.792658d0,  0.000000d0,  0.000000d0,  0.000000d0,  0.000000d0
87375.000000d0,  2.958622d1,  162.505716d0,  9.512074d-4,  1311.892438d0,  0.000000d0,  0.000000d0,  0.000000d0,  0.000000d0
87500.000000d0,  2.852919d1,  162.505716d0,  9.172235d-4,  1322.070575d0,  0.000000d0,  0.000000d0,  0.000000d0,  0.000000d0
87625.000000d0,  2.750992d1,  162.505716d0,  8.844538d-4,  1332.327678d0,  0.000000d0,  0.000000d0,  0.000000d0,  0.000000d0
87750.000000d0,  2.652707d1,  162.505716d0,  8.528548d-4,  1342.664359d0,  0.000000d0,  0.000000d0,  0.000000d0,  0.000000d0
87875.000000d0,  2.557934d1,  162.505716d0,  8.223848d-4,  1353.081236d0,  0.000000d0,  0.000000d0,  0.000000d0,  0.000000d0
88000.000000d0,  2.466546d1,  162.505716d0,  7.930034d-4,  1363.578930d0,  0.000000d0,  0.000000d0,  0.000000d0,  0.000000d0
88125.000000d0,  2.378424d1,  162.505716d0,  7.646717d-4,  1374.158070d0,  0.000000d0,  0.000000d0,  0.000000d0,  0.000000d0
88250.000000d0,  2.293450d1,  162.505716d0,  7.373522d-4,  1384.819287d0,  0.000000d0,  0.000000d0,  0.000000d0,  0.000000d0
88375.000000d0,  2.211511d1,  162.505716d0,  7.110088d-4,  1395.563217d0,  0.000000d0,  0.000000d0,  0.000000d0,  0.000000d0
88500.000000d0,  2.132500d1,  162.505716d0,  6.856065d-4,  1406.390502d0,  0.000000d0,  0.000000d0,  0.000000d0,  0.000000d0
88625.000000d0,  2.056312d1,  162.505716d0,  6.611118d-4,  1417.301790d0,  0.000000d0,  0.000000d0,  0.000000d0,  0.000000d0
88750.000000d0,  1.982846d1,  162.505716d0,  6.374922d-4,  1428.297731d0,  0.000000d0,  0.000000d0,  0.000000d0,  0.000000d0
88875.000000d0,  1.912005d1,  162.505716d0,  6.147165d-4,  1439.378982d0,  0.000000d0,  0.000000d0,  0.000000d0,  0.000000d0
89000.000000d0,  1.843695d1,  162.505716d0,  5.927544d-4,  1450.546206d0,  0.000000d0,  0.000000d0,  0.000000d0,  0.000000d0
89125.000000d0,  1.777825d1,  162.505716d0,  5.715770d-4,  1461.800070d0,  0.000000d0,  0.000000d0,  0.000000d0,  0.000000d0
89250.000000d0,  1.714308d1,  162.505716d0,  5.511563d-4,  1473.141244d0,  0.000000d0,  0.000000d0,  0.000000d0,  0.000000d0
89375.000000d0,  1.653061d1,  162.505716d0,  5.314651d-4,  1484.570408d0,  0.000000d0,  0.000000d0,  0.000000d0,  0.000000d0
89500.000000d0,  1.594002d1,  162.505716d0,  5.124774d-4,  1496.088244d0,  0.000000d0,  0.000000d0,  0.000000d0,  0.000000d0
89625.000000d0,  1.537053d1,  162.505716d0,  4.941680d-4,  1507.695439d0,  0.000000d0,  0.000000d0,  0.000000d0,  0.000000d0
89750.000000d0,  1.482139d1,  162.505716d0,  4.765128d-4,  1519.392687d0,  0.000000d0,  0.000000d0,  0.000000d0,  0.000000d0
89875.000000d0,  1.429186d1,  162.505716d0,  4.594884d-4,  1531.180686d0,  0.000000d0,  0.000000d0,  0.000000d0,  0.000000d0
90000.000000d0,  1.378125d1,  162.505716d0,  4.430723d-4,  1543.060141d0,  0.000000d0,  0.000000d0,  0.000000d0,  0.000000d0
90125.000000d0,  1.328889d1,  162.505716d0,  4.272426d-4,  1555.031761d0,  0.000000d0,  0.000000d0,  0.000000d0,  0.000000d0
90250.000000d0,  1.281412d1,  162.505716d0,  4.119784d-4,  1567.096261d0,  0.000000d0,  0.000000d0,  0.000000d0,  0.000000d0
90375.000000d0,  1.235631d1,  162.505716d0,  3.972597d-4,  1579.254362d0,  0.000000d0,  0.000000d0,  0.000000d0,  0.000000d0
90500.000000d0,  1.191485d1,  162.505716d0,  3.830667d-4,  1591.506790d0,  0.000000d0,  0.000000d0,  0.000000d0,  0.000000d0
90625.000000d0,  1.148917d1,  162.505716d0,  3.693809d-4,  1603.854276d0,  0.000000d0,  0.000000d0,  0.000000d0,  0.000000d0
90750.000000d0,  1.107869d1,  162.505716d0,  3.561840d-4,  1616.297559d0,  0.000000d0,  0.000000d0,  0.000000d0,  0.000000d0
90875.000000d0,  1.068288d1,  162.505716d0,  3.434586d-4,  1628.837382d0,  0.000000d0,  0.000000d0,  0.000000d0,  0.000000d0
91000.000000d0,  1.030122d1,  162.505716d0,  3.311878d-4,  1641.474493d0,  0.000000d0,  0.000000d0,  0.000000d0,  0.000000d0
91125.000000d0,  9.933184d0,  162.505716d0,  3.193554d-4,  1654.209647d0,  0.000000d0,  0.000000d0,  0.000000d0,  0.000000d0
91250.000000d0,  9.578300d0,  162.505716d0,  3.079458d-4,  1667.043605d0,  0.000000d0,  0.000000d0,  0.000000d0,  0.000000d0
91375.000000d0,  9.236095d0,  162.505716d0,  2.969438d-4,  1679.977134d0,  0.000000d0,  0.000000d0,  0.000000d0,  0.000000d0
91500.000000d0,  8.906117d0,  162.505716d0,  2.863348d-4,  1693.011005d0,  0.000000d0,  0.000000d0,  0.000000d0,  0.000000d0
91625.000000d0,  8.587927d0,  162.505716d0,  2.761049d-4,  1706.145999d0,  0.000000d0,  0.000000d0,  0.000000d0,  0.000000d0
91750.000000d0,  8.281105d0,  162.505716d0,  2.662405d-4,  1719.382898d0,  0.000000d0,  0.000000d0,  0.000000d0,  0.000000d0
91875.000000d0,  7.985246d0,  162.505716d0,  2.567285d-4,  1732.722494d0,  0.000000d0,  0.000000d0,  0.000000d0,  0.000000d0
92000.000000d0,  7.699956d0,  162.505716d0,  2.475563d-4,  1746.165583d0,  0.000000d0,  0.000000d0,  0.000000d0,  0.000000d0
92125.000000d0,  7.424859d0,  162.505716d0,  2.387119d-4,  1759.712969d0,  0.000000d0,  0.000000d0,  0.000000d0,  0.000000d0
92250.000000d0,  7.159591d0,  162.505716d0,  2.301834d-4,  1773.365460d0,  0.000000d0,  0.000000d0,  0.000000d0,  0.000000d0
92375.000000d0,  6.903799d0,  162.505716d0,  2.219596d-4,  1787.123872d0,  0.000000d0,  0.000000d0,  0.000000d0,  0.000000d0
92500.000000d0,  6.657147d0,  162.505716d0,  2.140296d-4,  1800.989027d0,  0.000000d0,  0.000000d0,  0.000000d0,  0.000000d0
92625.000000d0,  6.419306d0,  162.505716d0,  2.063830d-4,  1814.961753d0,  0.000000d0,  0.000000d0,  0.000000d0,  0.000000d0
92750.000000d0,  6.189963d0,  162.505716d0,  1.990095d-4,  1829.042884d0,  0.000000d0,  0.000000d0,  0.000000d0,  0.000000d0
92875.000000d0,  5.968814d0,  162.505716d0,  1.918995d-4,  1843.233262d0,  0.000000d0,  0.000000d0,  0.000000d0,  0.000000d0
93000.000000d0,  5.755565d0,  162.505716d0,  1.850435d-4,  1857.533734d0,  0.000000d0,  0.000000d0,  0.000000d0,  0.000000d0
93125.000000d0,  5.549936d0,  162.505716d0,  1.784324d-4,  1871.945154d0,  0.000000d0,  0.000000d0,  0.000000d0,  0.000000d0
93250.000000d0,  5.351653d0,  162.505716d0,  1.720575d-4,  1886.468383d0,  0.000000d0,  0.000000d0,  0.000000d0,  0.000000d0
93375.000000d0,  5.160454d0,  162.505716d0,  1.659104d-4,  1901.104289d0,  0.000000d0,  0.000000d0,  0.000000d0,  0.000000d0
93500.000000d0,  4.976086d0,  162.505716d0,  1.599829d-4,  1915.853745d0,  0.000000d0,  0.000000d0,  0.000000d0,  0.000000d0
93625.000000d0,  4.798305d0,  162.505716d0,  1.542672d-4,  1930.717633d0,  0.000000d0,  0.000000d0,  0.000000d0,  0.000000d0
93750.000000d0,  4.626875d0,  162.505716d0,  1.487557d-4,  1945.696840d0,  0.000000d0,  0.000000d0,  0.000000d0,  0.000000d0
93875.000000d0,  4.461571d0,  162.505716d0,  1.434411d-4,  1960.792262d0,  0.000000d0,  0.000000d0,  0.000000d0,  0.000000d0
94000.000000d0,  4.302172d0,  162.505716d0,  1.383164d-4,  1976.004799d0,  0.000000d0,  0.000000d0,  0.000000d0,  0.000000d0
94125.000000d0,  4.148468d0,  162.505716d0,  1.333747d-4,  1991.335360d0,  0.000000d0,  0.000000d0,  0.000000d0,  0.000000d0
94250.000000d0,  4.000255d0,  162.505716d0,  1.286096d-4,  2006.784862d0,  0.000000d0,  0.000000d0,  0.000000d0,  0.000000d0
94375.000000d0,  3.857338d0,  162.505716d0,  1.240148d-4,  2022.354227d0,  0.000000d0,  0.000000d0,  0.000000d0,  0.000000d0
94500.000000d0,  3.719526d0,  162.505716d0,  1.195841d-4,  2038.044384d0,  0.000000d0,  0.000000d0,  0.000000d0,  0.000000d0
94625.000000d0,  3.586638d0,  162.505716d0,  1.153117d-4,  2053.856271d0,  0.000000d0,  0.000000d0,  0.000000d0,  0.000000d0
94750.000000d0,  3.458498d0,  162.505716d0,  1.111920d-4,  2069.790833d0,  0.000000d0,  0.000000d0,  0.000000d0,  0.000000d0
94875.000000d0,  3.334936d0,  162.505716d0,  1.072194d-4,  2085.849020d0,  0.000000d0,  0.000000d0,  0.000000d0,  0.000000d0
95000.000000d0,  3.215789d0,  162.505716d0,  1.033888d-4,  2102.031793d0,  0.000000d0,  0.000000d0,  0.000000d0,  0.000000d0
95125.000000d0,  3.100898d0,  162.505716d0,  9.969497d-5,  2118.340118d0,  0.000000d0,  0.000000d0,  0.000000d0,  0.000000d0
95250.000000d0,  2.990112d0,  162.505716d0,  9.613316d-5,  2134.774969d0,  0.000000d0,  0.000000d0,  0.000000d0,  0.000000d0
95375.000000d0,  2.883284d0,  162.505716d0,  9.269860d-5,  2151.337327d0,  0.000000d0,  0.000000d0,  0.000000d0,  0.000000d0
95500.000000d0,  2.780273d0,  162.505716d0,  8.938675d-5,  2168.028182d0,  0.000000d0,  0.000000d0,  0.000000d0,  0.000000d0
95625.000000d0,  2.680941d0,  162.505716d0,  8.619323d-5,  2184.848530d0,  0.000000d0,  0.000000d0,  0.000000d0,  0.000000d0
95750.000000d0,  2.585159d0,  162.505716d0,  8.311379d-5,  2201.799377d0,  0.000000d0,  0.000000d0,  0.000000d0,  0.000000d0
95875.000000d0,  2.492799d0,  162.505716d0,  8.014438d-5,  2218.881735d0,  0.000000d0,  0.000000d0,  0.000000d0,  0.000000d0
96000.000000d0,  2.403739d0,  162.505716d0,  7.728105d-5,  2236.096624d0,  0.000000d0,  0.000000d0,  0.000000d0,  0.000000d0
96125.000000d0,  2.317860d0,  162.505716d0,  7.452003d-5,  2253.445072d0,  0.000000d0,  0.000000d0,  0.000000d0,  0.000000d0
96250.000000d0,  2.235050d0,  162.505716d0,  7.185764d-5,  2270.928116d0,  0.000000d0,  0.000000d0,  0.000000d0,  0.000000d0
96375.000000d0,  2.155198d0,  162.505716d0,  6.929038d-5,  2288.546800d0,  0.000000d0,  0.000000d0,  0.000000d0,  0.000000d0
96500.000000d0,  2.078199d0,  162.505716d0,  6.681484d-5,  2306.302176d0,  0.000000d0,  0.000000d0,  0.000000d0,  0.000000d0
96625.000000d0,  2.003951d0,  162.505716d0,  6.442774d-5,  2324.195304d0,  0.000000d0,  0.000000d0,  0.000000d0,  0.000000d0
96750.000000d0,  1.932356d0,  162.505716d0,  6.212592d-5,  2342.227254d0,  0.000000d0,  0.000000d0,  0.000000d0,  0.000000d0
96875.000000d0,  1.863318d0,  162.505716d0,  5.990634d-5,  2360.399102d0,  0.000000d0,  0.000000d0,  0.000000d0,  0.000000d0
97000.000000d0,  1.796747d0,  162.505716d0,  5.776607d-5,  2378.711934d0,  0.000000d0,  0.000000d0,  0.000000d0,  0.000000d0
97125.000000d0,  1.732555d0,  162.505716d0,  5.570225d-5,  2397.166844d0,  0.000000d0,  0.000000d0,  0.000000d0,  0.000000d0
97250.000000d0,  1.670656d0,  162.505716d0,  5.371217d-5,  2415.764933d0,  0.000000d0,  0.000000d0,  0.000000d0,  0.000000d0
97375.000000d0,  1.610968d0,  162.505716d0,  5.179319d-5,  2434.507313d0,  0.000000d0,  0.000000d0,  0.000000d0,  0.000000d0
97500.000000d0,  1.553413d0,  162.505716d0,  4.994277d-5,  2453.395103d0,  0.000000d0,  0.000000d0,  0.000000d0,  0.000000d0
97625.000000d0,  1.497914d0,  162.505716d0,  4.815846d-5,  2472.429432d0,  0.000000d0,  0.000000d0,  0.000000d0,  0.000000d0
97750.000000d0,  1.444398d0,  162.505716d0,  4.643790d-5,  2491.611436d0,  0.000000d0,  0.000000d0,  0.000000d0,  0.000000d0
97875.000000d0,  1.392794d0,  162.505716d0,  4.477881d-5,  2510.942261d0,  0.000000d0,  0.000000d0,  0.000000d0,  0.000000d0
98000.000000d0,  1.343033d0,  162.505716d0,  4.317900d-5,  2530.423061d0,  0.000000d0,  0.000000d0,  0.000000d0,  0.000000d0
98125.000000d0,  1.295050d0,  162.505716d0,  4.163634d-5,  2550.055001d0,  0.000000d0,  0.000000d0,  0.000000d0,  0.000000d0
98250.000000d0,  1.248782d0,  162.505716d0,  4.014879d-5,  2569.839252d0,  0.000000d0,  0.000000d0,  0.000000d0,  0.000000d0
98375.000000d0,  1.204167d0,  162.505716d0,  3.871439d-5,  2589.776997d0,  0.000000d0,  0.000000d0,  0.000000d0,  0.000000d0
98500.000000d0,  1.161145d0,  162.505716d0,  3.733124d-5,  2609.869425d0,  0.000000d0,  0.000000d0,  0.000000d0,  0.000000d0
98625.000000d0,  1.119661d0,  162.505716d0,  3.599750d-5,  2630.117739d0,  0.000000d0,  0.000000d0,  0.000000d0,  0.000000d0
98750.000000d0,  1.079659d0,  162.505716d0,  3.471142d-5,  2650.523146d0,  0.000000d0,  0.000000d0,  0.000000d0,  0.000000d0
98875.000000d0,  1.041086d0,  162.505716d0,  3.347128d-5,  2671.086865d0,  0.000000d0,  0.000000d0,  0.000000d0,  0.000000d0
99000.000000d0,  1.003891d0,  162.505716d0,  3.227545d-5,  2691.810125d0,  0.000000d0,  0.000000d0,  0.000000d0,  0.000000d0
99125.000000d0,  9.680247d-1,  162.505716d0,  3.112234d-5,  2712.694164d0,  0.000000d0,  0.000000d0,  0.000000d0,  0.000000d0
99250.000000d0,  9.334400d-1,  162.505716d0,  3.001043d-5,  2733.740229d0,  0.000000d0,  0.000000d0,  0.000000d0,  0.000000d0
99375.000000d0,  9.000909d-1,  162.505716d0,  2.893825d-5,  2754.949577d0,  0.000000d0,  0.000000d0,  0.000000d0,  0.000000d0
99500.000000d0,  8.679333d-1,  162.505716d0,  2.790437d-5,  2776.323474d0,  0.000000d0,  0.000000d0,  0.000000d0,  0.000000d0
99625.000000d0,  8.369246d-1,  162.505716d0,  2.690742d-5,  2797.863198d0,  0.000000d0,  0.000000d0,  0.000000d0,  0.000000d0
99750.000000d0,  8.070237d-1,  162.505716d0,  2.594610d-5,  2819.570035d0,  0.000000d0,  0.000000d0,  0.000000d0,  0.000000d0
99875.000000d0,  7.781911d-1,  162.505716d0,  2.501912d-5,  2841.445282d0,  0.000000d0,  0.000000d0,  0.000000d0,  0.000000d0
100000.000000d0,  7.503886d-1,  162.505716d0,  2.412526d-5,  2863.490245d0,  0.000000d0,  0.000000d0,  0.000000d0,  0.000000d0
100125.000000d0,  7.503886d-1,  162.505716d0,  2.412526d-5,  2863.490245d0,  0.000000d0,  0.000000d0,  0.000000d0,  0.000000d0
